 var mean_data = {
  'school': 0.116456,
  'sex': 0.473418,
  'age': 16.696203,
  'address': 0.777215,
  'famsize': 0.288608,
  'Pstatus': 0.896203,
  'Medu': 2.749367,
  'Fedu': 2.521519,
  'Mjob': 2.169620,
  'Fjob': 2.281013,
  'reason': 1.255696,
  'guardian': 0.853165,
  'traveltime': 1.448101,
  'studytime': 2.035443,
  'failures': 0.334177,
  'schoolsup': 0.129114,
  'famsup': 0.612658,
  'nursery': 0.794937,
  'higher': 0.949367,
  'internet': 0.832911,
  'romantic': 0.334177,
  'goout': 3.108861,
  'G1': 10.908861,
  'G2': 10.713924
};

// Standard deviation values for each feature
var std_data = {
  'school': 0.321177,
  'sex': 0.499926,
  'age': 1.276043,
  'address': 0.416643,
  'famsize': 0.453690,
  'Pstatus': 0.305384,
  'Medu': 1.094735,
  'Fedu': 1.088201,
  'Mjob': 1.227473,
  'Fjob': 0.863542,
  'reason': 1.208236,
  'guardian': 0.536684,
  'traveltime': 0.697505,
  'studytime': 0.839240,
  'failures': 0.743651,
  'schoolsup': 0.335751,
  'famsup': 0.487761,
  'nursery': 0.404260,
  'higher': 0.219525,
  'internet': 0.373528,
  'romantic': 0.472300,
  'goout': 1.113278,
  'G1': 3.319195,
  'G2': 3.761505
};
